{
 "cells": [
  {
   "cell_type": "markdown",
   "id": "0dc628c1",
   "metadata": {},
   "source": [
    "# Table of Contents\n",
    "\n",
    "- [Libraries](#Libraries)\n",
    "- [Data](#Data)\n",
    "- [Multicolinearity](#Multicolinearity)\n",
    "- [Modeling](#Modeling)\n",
    "    - [K-Means](#K-Means)"
   ]
  },
  {
   "cell_type": "markdown",
   "id": "11d1b47f",
   "metadata": {},
   "source": [
    "# Libraries "
   ]
  },
  {
   "cell_type": "code",
   "execution_count": 1,
   "id": "655219f0",
   "metadata": {},
   "outputs": [],
   "source": [
    "import pandas as pd\n",
    "import numpy as np\n",
    "import seaborn as sns\n",
    "import matplotlib.pyplot as plt\n",
    "import matplotlib\n",
    "matplotlib.style.use('ggplot')\n",
    "\n",
    "from sklearn.preprocessing import StandardScaler\n",
    "from sklearn.decomposition import PCA\n",
    "from sklearn.cluster import DBSCAN, KMeans, k_means\n",
    "from sklearn.metrics import silhouette_score, silhouette_samples\n",
    "from sklearn.feature_selection import SelectKBest\n",
    "from sklearn import metrics\n",
    "from scipy.spatial.distance import cdist\n",
    "from statsmodels.stats.outliers_influence import variance_inflation_factor\n",
    "\n",
    "import warnings\n",
    "warnings.filterwarnings('ignore')"
   ]
  },
  {
   "cell_type": "markdown",
   "id": "8c9b48b4",
   "metadata": {},
   "source": [
    "# Data"
   ]
  },
  {
   "cell_type": "code",
   "execution_count": 2,
   "id": "2353d6f7",
   "metadata": {},
   "outputs": [
    {
     "name": "stdout",
     "output_type": "stream",
     "text": [
      "(1072, 86)\n"
     ]
    },
    {
     "data": {
      "text/html": [
       "<div>\n",
       "<style scoped>\n",
       "    .dataframe tbody tr th:only-of-type {\n",
       "        vertical-align: middle;\n",
       "    }\n",
       "\n",
       "    .dataframe tbody tr th {\n",
       "        vertical-align: top;\n",
       "    }\n",
       "\n",
       "    .dataframe thead th {\n",
       "        text-align: right;\n",
       "    }\n",
       "</style>\n",
       "<table border=\"1\" class=\"dataframe\">\n",
       "  <thead>\n",
       "    <tr style=\"text-align: right;\">\n",
       "      <th></th>\n",
       "      <th>year</th>\n",
       "      <th>age</th>\n",
       "      <th>ip</th>\n",
       "      <th>bf</th>\n",
       "      <th>ab</th>\n",
       "      <th>h</th>\n",
       "      <th>k%</th>\n",
       "      <th>bb%</th>\n",
       "      <th>ba</th>\n",
       "      <th>slg%</th>\n",
       "      <th>...</th>\n",
       "      <th>cb_brk</th>\n",
       "      <th>cb_velo_range</th>\n",
       "      <th>cu%</th>\n",
       "      <th>cu_velo</th>\n",
       "      <th>cu_spinrate</th>\n",
       "      <th>cu_hb</th>\n",
       "      <th>cu_vb</th>\n",
       "      <th>cu_brk</th>\n",
       "      <th>cu_velo_range</th>\n",
       "      <th>xops</th>\n",
       "    </tr>\n",
       "    <tr>\n",
       "      <th>player_id</th>\n",
       "      <th></th>\n",
       "      <th></th>\n",
       "      <th></th>\n",
       "      <th></th>\n",
       "      <th></th>\n",
       "      <th></th>\n",
       "      <th></th>\n",
       "      <th></th>\n",
       "      <th></th>\n",
       "      <th></th>\n",
       "      <th></th>\n",
       "      <th></th>\n",
       "      <th></th>\n",
       "      <th></th>\n",
       "      <th></th>\n",
       "      <th></th>\n",
       "      <th></th>\n",
       "      <th></th>\n",
       "      <th></th>\n",
       "      <th></th>\n",
       "      <th></th>\n",
       "    </tr>\n",
       "  </thead>\n",
       "  <tbody>\n",
       "    <tr>\n",
       "      <th>425794</th>\n",
       "      <td>2021</td>\n",
       "      <td>40</td>\n",
       "      <td>196.1</td>\n",
       "      <td>784</td>\n",
       "      <td>725</td>\n",
       "      <td>157</td>\n",
       "      <td>21.6</td>\n",
       "      <td>5.9</td>\n",
       "      <td>0.217</td>\n",
       "      <td>0.343</td>\n",
       "      <td>...</td>\n",
       "      <td>22.3</td>\n",
       "      <td>1.6</td>\n",
       "      <td>22.2</td>\n",
       "      <td>85.0</td>\n",
       "      <td>2408.0</td>\n",
       "      <td>6.3</td>\n",
       "      <td>-31.0</td>\n",
       "      <td>9.5</td>\n",
       "      <td>1.6</td>\n",
       "      <td>0.681</td>\n",
       "    </tr>\n",
       "    <tr>\n",
       "      <th>425844</th>\n",
       "      <td>2021</td>\n",
       "      <td>38</td>\n",
       "      <td>164.2</td>\n",
       "      <td>670</td>\n",
       "      <td>626</td>\n",
       "      <td>157</td>\n",
       "      <td>17.0</td>\n",
       "      <td>5.2</td>\n",
       "      <td>0.251</td>\n",
       "      <td>0.431</td>\n",
       "      <td>...</td>\n",
       "      <td>15.6</td>\n",
       "      <td>2.2</td>\n",
       "      <td>0.0</td>\n",
       "      <td>0.0</td>\n",
       "      <td>0.0</td>\n",
       "      <td>0.0</td>\n",
       "      <td>0.0</td>\n",
       "      <td>0.0</td>\n",
       "      <td>0.0</td>\n",
       "      <td>0.725</td>\n",
       "    </tr>\n",
       "    <tr>\n",
       "      <th>429722</th>\n",
       "      <td>2021</td>\n",
       "      <td>39</td>\n",
       "      <td>61.1</td>\n",
       "      <td>255</td>\n",
       "      <td>232</td>\n",
       "      <td>58</td>\n",
       "      <td>18.8</td>\n",
       "      <td>7.5</td>\n",
       "      <td>0.250</td>\n",
       "      <td>0.444</td>\n",
       "      <td>...</td>\n",
       "      <td>0.0</td>\n",
       "      <td>0.0</td>\n",
       "      <td>0.0</td>\n",
       "      <td>0.0</td>\n",
       "      <td>0.0</td>\n",
       "      <td>0.0</td>\n",
       "      <td>0.0</td>\n",
       "      <td>0.0</td>\n",
       "      <td>0.0</td>\n",
       "      <td>0.851</td>\n",
       "    </tr>\n",
       "    <tr>\n",
       "      <th>433589</th>\n",
       "      <td>2021</td>\n",
       "      <td>37</td>\n",
       "      <td>72.1</td>\n",
       "      <td>290</td>\n",
       "      <td>273</td>\n",
       "      <td>63</td>\n",
       "      <td>12.4</td>\n",
       "      <td>4.1</td>\n",
       "      <td>0.231</td>\n",
       "      <td>0.399</td>\n",
       "      <td>...</td>\n",
       "      <td>10.7</td>\n",
       "      <td>1.8</td>\n",
       "      <td>23.3</td>\n",
       "      <td>84.5</td>\n",
       "      <td>2133.0</td>\n",
       "      <td>-1.1</td>\n",
       "      <td>-21.1</td>\n",
       "      <td>17.3</td>\n",
       "      <td>1.3</td>\n",
       "      <td>0.722</td>\n",
       "    </tr>\n",
       "    <tr>\n",
       "      <th>445276</th>\n",
       "      <td>2021</td>\n",
       "      <td>34</td>\n",
       "      <td>61.2</td>\n",
       "      <td>250</td>\n",
       "      <td>210</td>\n",
       "      <td>33</td>\n",
       "      <td>29.6</td>\n",
       "      <td>13.6</td>\n",
       "      <td>0.157</td>\n",
       "      <td>0.233</td>\n",
       "      <td>...</td>\n",
       "      <td>0.0</td>\n",
       "      <td>0.0</td>\n",
       "      <td>57.1</td>\n",
       "      <td>92.5</td>\n",
       "      <td>2689.0</td>\n",
       "      <td>7.3</td>\n",
       "      <td>-14.4</td>\n",
       "      <td>19.2</td>\n",
       "      <td>1.9</td>\n",
       "      <td>0.570</td>\n",
       "    </tr>\n",
       "  </tbody>\n",
       "</table>\n",
       "<p>5 rows × 86 columns</p>\n",
       "</div>"
      ],
      "text/plain": [
       "           year  age     ip   bf   ab    h    k%   bb%     ba   slg%  ...  \\\n",
       "player_id                                                             ...   \n",
       "425794     2021   40  196.1  784  725  157  21.6   5.9  0.217  0.343  ...   \n",
       "425844     2021   38  164.2  670  626  157  17.0   5.2  0.251  0.431  ...   \n",
       "429722     2021   39   61.1  255  232   58  18.8   7.5  0.250  0.444  ...   \n",
       "433589     2021   37   72.1  290  273   63  12.4   4.1  0.231  0.399  ...   \n",
       "445276     2021   34   61.2  250  210   33  29.6  13.6  0.157  0.233  ...   \n",
       "\n",
       "           cb_brk  cb_velo_range   cu%  cu_velo  cu_spinrate  cu_hb  cu_vb  \\\n",
       "player_id                                                                    \n",
       "425794       22.3            1.6  22.2     85.0       2408.0    6.3  -31.0   \n",
       "425844       15.6            2.2   0.0      0.0          0.0    0.0    0.0   \n",
       "429722        0.0            0.0   0.0      0.0          0.0    0.0    0.0   \n",
       "433589       10.7            1.8  23.3     84.5       2133.0   -1.1  -21.1   \n",
       "445276        0.0            0.0  57.1     92.5       2689.0    7.3  -14.4   \n",
       "\n",
       "           cu_brk  cu_velo_range   xops  \n",
       "player_id                                \n",
       "425794        9.5            1.6  0.681  \n",
       "425844        0.0            0.0  0.725  \n",
       "429722        0.0            0.0  0.851  \n",
       "433589       17.3            1.3  0.722  \n",
       "445276       19.2            1.9  0.570  \n",
       "\n",
       "[5 rows x 86 columns]"
      ]
     },
     "execution_count": 2,
     "metadata": {},
     "output_type": "execute_result"
    }
   ],
   "source": [
    "pitch_data = pd.read_csv('../datasets/mlb_pitch_stats_19_20_21.csv', index_col= ['player_id'])\n",
    "pitch_data.drop(columns = ['Unnamed: 0',' first_name', 'last_name'], axis = 1, inplace = True)\n",
    "print(pitch_data.shape)\n",
    "pitch_data.head()"
   ]
  },
  {
   "cell_type": "markdown",
   "id": "ca86ad61",
   "metadata": {},
   "source": [
    "# Multicolinearity"
   ]
  },
  {
   "cell_type": "code",
   "execution_count": 3,
   "id": "de519985",
   "metadata": {},
   "outputs": [
    {
     "data": {
      "text/html": [
       "<div>\n",
       "<style scoped>\n",
       "    .dataframe tbody tr th:only-of-type {\n",
       "        vertical-align: middle;\n",
       "    }\n",
       "\n",
       "    .dataframe tbody tr th {\n",
       "        vertical-align: top;\n",
       "    }\n",
       "\n",
       "    .dataframe thead th {\n",
       "        text-align: right;\n",
       "    }\n",
       "</style>\n",
       "<table border=\"1\" class=\"dataframe\">\n",
       "  <thead>\n",
       "    <tr style=\"text-align: right;\">\n",
       "      <th></th>\n",
       "      <th>features</th>\n",
       "      <th>VIF</th>\n",
       "    </tr>\n",
       "  </thead>\n",
       "  <tbody>\n",
       "    <tr>\n",
       "      <th>15</th>\n",
       "      <td>cg</td>\n",
       "      <td>1.364100</td>\n",
       "    </tr>\n",
       "    <tr>\n",
       "      <th>1</th>\n",
       "      <td>age</td>\n",
       "      <td>1.365355</td>\n",
       "    </tr>\n",
       "    <tr>\n",
       "      <th>81</th>\n",
       "      <td>cu_hb</td>\n",
       "      <td>1.527192</td>\n",
       "    </tr>\n",
       "    <tr>\n",
       "      <th>41</th>\n",
       "      <td>edge%</td>\n",
       "      <td>1.624982</td>\n",
       "    </tr>\n",
       "    <tr>\n",
       "      <th>29</th>\n",
       "      <td>solid_contact%</td>\n",
       "      <td>1.835575</td>\n",
       "    </tr>\n",
       "    <tr>\n",
       "      <th>30</th>\n",
       "      <td>poor_weak%</td>\n",
       "      <td>2.339208</td>\n",
       "    </tr>\n",
       "    <tr>\n",
       "      <th>60</th>\n",
       "      <td>sl_hb</td>\n",
       "      <td>2.433292</td>\n",
       "    </tr>\n",
       "    <tr>\n",
       "      <th>64</th>\n",
       "      <td>ch%</td>\n",
       "      <td>2.848569</td>\n",
       "    </tr>\n",
       "    <tr>\n",
       "      <th>74</th>\n",
       "      <td>cb_hb</td>\n",
       "      <td>2.861837</td>\n",
       "    </tr>\n",
       "    <tr>\n",
       "      <th>56</th>\n",
       "      <td>4seam_velo_range</td>\n",
       "      <td>2.870094</td>\n",
       "    </tr>\n",
       "    <tr>\n",
       "      <th>50</th>\n",
       "      <td>4seam%</td>\n",
       "      <td>3.123168</td>\n",
       "    </tr>\n",
       "    <tr>\n",
       "      <th>78</th>\n",
       "      <td>cu%</td>\n",
       "      <td>3.336003</td>\n",
       "    </tr>\n",
       "    <tr>\n",
       "      <th>71</th>\n",
       "      <td>cb%</td>\n",
       "      <td>3.515892</td>\n",
       "    </tr>\n",
       "    <tr>\n",
       "      <th>54</th>\n",
       "      <td>4seam_vb</td>\n",
       "      <td>4.053157</td>\n",
       "    </tr>\n",
       "    <tr>\n",
       "      <th>62</th>\n",
       "      <td>sl_brk</td>\n",
       "      <td>4.242989</td>\n",
       "    </tr>\n",
       "    <tr>\n",
       "      <th>57</th>\n",
       "      <td>sl%</td>\n",
       "      <td>4.267269</td>\n",
       "    </tr>\n",
       "    <tr>\n",
       "      <th>0</th>\n",
       "      <td>year</td>\n",
       "      <td>4.534303</td>\n",
       "    </tr>\n",
       "    <tr>\n",
       "      <th>27</th>\n",
       "      <td>sweet_spot%</td>\n",
       "      <td>4.636422</td>\n",
       "    </tr>\n",
       "    <tr>\n",
       "      <th>53</th>\n",
       "      <td>4seam_hb</td>\n",
       "      <td>5.144885</td>\n",
       "    </tr>\n",
       "    <tr>\n",
       "      <th>31</th>\n",
       "      <td>hard_hit%</td>\n",
       "      <td>5.273457</td>\n",
       "    </tr>\n",
       "    <tr>\n",
       "      <th>67</th>\n",
       "      <td>ch_hb</td>\n",
       "      <td>5.875888</td>\n",
       "    </tr>\n",
       "    <tr>\n",
       "      <th>70</th>\n",
       "      <td>ch_velo_range</td>\n",
       "      <td>6.135443</td>\n",
       "    </tr>\n",
       "    <tr>\n",
       "      <th>25</th>\n",
       "      <td>ev_avg</td>\n",
       "      <td>6.362484</td>\n",
       "    </tr>\n",
       "  </tbody>\n",
       "</table>\n",
       "</div>"
      ],
      "text/plain": [
       "            features       VIF\n",
       "15                cg  1.364100\n",
       "1                age  1.365355\n",
       "81             cu_hb  1.527192\n",
       "41             edge%  1.624982\n",
       "29    solid_contact%  1.835575\n",
       "30        poor_weak%  2.339208\n",
       "60             sl_hb  2.433292\n",
       "64               ch%  2.848569\n",
       "74             cb_hb  2.861837\n",
       "56  4seam_velo_range  2.870094\n",
       "50            4seam%  3.123168\n",
       "78               cu%  3.336003\n",
       "71               cb%  3.515892\n",
       "54          4seam_vb  4.053157\n",
       "62            sl_brk  4.242989\n",
       "57               sl%  4.267269\n",
       "0               year  4.534303\n",
       "27       sweet_spot%  4.636422\n",
       "53          4seam_hb  5.144885\n",
       "31         hard_hit%  5.273457\n",
       "67             ch_hb  5.875888\n",
       "70     ch_velo_range  6.135443\n",
       "25            ev_avg  6.362484"
      ]
     },
     "execution_count": 3,
     "metadata": {},
     "output_type": "execute_result"
    }
   ],
   "source": [
    "def calc_vif(pitch_data):\n",
    "    vif_data = pd.DataFrame()\n",
    "    vif_data['features'] = pitch_data.columns\n",
    "    vif_data['VIF'] = [variance_inflation_factor(pitch_data.values, i) \n",
    "                       for i in range(len(pitch_data.columns))]\n",
    "    return(vif_data.sort_values(by = 'VIF'))\n",
    "\n",
    "calc_vif(pitch_data).head(23)"
   ]
  },
  {
   "cell_type": "code",
   "execution_count": 4,
   "id": "8896651d",
   "metadata": {},
   "outputs": [],
   "source": [
    "X = pitch_data[['ev_avg', 'age', 'cu_hb', 'edge%', \n",
    "                'solid_contact%', 'poor_weak%', \n",
    "                'sl_hb', 'ch%', 'cb_hb', \n",
    "                '4seam_velo_range', '4seam%', \n",
    "                'cu%', 'cb%', '4seam_vb', \n",
    "                'sl_brk', 'sl%', 'sweet_spot%', \n",
    "                '4seam_hb', 'hard_hit%', 'ch_hb']].copy()"
   ]
  },
  {
   "cell_type": "code",
   "execution_count": 5,
   "id": "5a0a399e",
   "metadata": {},
   "outputs": [
    {
     "data": {
      "text/html": [
       "<div>\n",
       "<style scoped>\n",
       "    .dataframe tbody tr th:only-of-type {\n",
       "        vertical-align: middle;\n",
       "    }\n",
       "\n",
       "    .dataframe tbody tr th {\n",
       "        vertical-align: top;\n",
       "    }\n",
       "\n",
       "    .dataframe thead th {\n",
       "        text-align: right;\n",
       "    }\n",
       "</style>\n",
       "<table border=\"1\" class=\"dataframe\">\n",
       "  <thead>\n",
       "    <tr style=\"text-align: right;\">\n",
       "      <th></th>\n",
       "      <th>ev_avg</th>\n",
       "      <th>age</th>\n",
       "      <th>cu_hb</th>\n",
       "      <th>edge%</th>\n",
       "      <th>solid_contact%</th>\n",
       "      <th>poor_weak%</th>\n",
       "      <th>sl_hb</th>\n",
       "      <th>ch%</th>\n",
       "      <th>cb_hb</th>\n",
       "      <th>4seam_velo_range</th>\n",
       "      <th>4seam%</th>\n",
       "      <th>cu%</th>\n",
       "      <th>cb%</th>\n",
       "      <th>4seam_vb</th>\n",
       "      <th>sl_brk</th>\n",
       "      <th>sl%</th>\n",
       "      <th>sweet_spot%</th>\n",
       "      <th>4seam_hb</th>\n",
       "      <th>hard_hit%</th>\n",
       "      <th>ch_hb</th>\n",
       "    </tr>\n",
       "  </thead>\n",
       "  <tbody>\n",
       "    <tr>\n",
       "      <th>ev_avg</th>\n",
       "      <td>1.000000</td>\n",
       "      <td>-0.069587</td>\n",
       "      <td>-0.004080</td>\n",
       "      <td>-0.059062</td>\n",
       "      <td>0.325218</td>\n",
       "      <td>-0.556933</td>\n",
       "      <td>-0.007582</td>\n",
       "      <td>-0.143884</td>\n",
       "      <td>0.065318</td>\n",
       "      <td>0.072736</td>\n",
       "      <td>0.212799</td>\n",
       "      <td>-0.097055</td>\n",
       "      <td>0.111554</td>\n",
       "      <td>0.098341</td>\n",
       "      <td>-0.134279</td>\n",
       "      <td>-0.034487</td>\n",
       "      <td>0.195092</td>\n",
       "      <td>-0.043263</td>\n",
       "      <td>0.822068</td>\n",
       "      <td>-0.040176</td>\n",
       "    </tr>\n",
       "    <tr>\n",
       "      <th>age</th>\n",
       "      <td>-0.069587</td>\n",
       "      <td>1.000000</td>\n",
       "      <td>0.057584</td>\n",
       "      <td>0.048387</td>\n",
       "      <td>-0.048611</td>\n",
       "      <td>0.034850</td>\n",
       "      <td>-0.040474</td>\n",
       "      <td>-0.064548</td>\n",
       "      <td>-0.001821</td>\n",
       "      <td>-0.076501</td>\n",
       "      <td>-0.183394</td>\n",
       "      <td>0.199723</td>\n",
       "      <td>0.035654</td>\n",
       "      <td>-0.113043</td>\n",
       "      <td>0.024160</td>\n",
       "      <td>-0.062114</td>\n",
       "      <td>0.041239</td>\n",
       "      <td>0.016439</td>\n",
       "      <td>-0.071600</td>\n",
       "      <td>0.063190</td>\n",
       "    </tr>\n",
       "    <tr>\n",
       "      <th>cu_hb</th>\n",
       "      <td>-0.004080</td>\n",
       "      <td>0.057584</td>\n",
       "      <td>1.000000</td>\n",
       "      <td>0.001148</td>\n",
       "      <td>0.008230</td>\n",
       "      <td>-0.051883</td>\n",
       "      <td>0.287027</td>\n",
       "      <td>-0.100633</td>\n",
       "      <td>0.299013</td>\n",
       "      <td>0.002485</td>\n",
       "      <td>-0.042533</td>\n",
       "      <td>0.286031</td>\n",
       "      <td>0.084724</td>\n",
       "      <td>0.062796</td>\n",
       "      <td>0.017807</td>\n",
       "      <td>-0.116710</td>\n",
       "      <td>0.059931</td>\n",
       "      <td>-0.142879</td>\n",
       "      <td>-0.012738</td>\n",
       "      <td>-0.194854</td>\n",
       "    </tr>\n",
       "    <tr>\n",
       "      <th>edge%</th>\n",
       "      <td>-0.059062</td>\n",
       "      <td>0.048387</td>\n",
       "      <td>0.001148</td>\n",
       "      <td>1.000000</td>\n",
       "      <td>-0.080536</td>\n",
       "      <td>0.062829</td>\n",
       "      <td>-0.083279</td>\n",
       "      <td>0.262429</td>\n",
       "      <td>0.004973</td>\n",
       "      <td>0.000531</td>\n",
       "      <td>-0.048531</td>\n",
       "      <td>0.047404</td>\n",
       "      <td>0.007965</td>\n",
       "      <td>-0.046131</td>\n",
       "      <td>-0.099485</td>\n",
       "      <td>-0.233037</td>\n",
       "      <td>0.018690</td>\n",
       "      <td>0.070323</td>\n",
       "      <td>-0.041482</td>\n",
       "      <td>0.048788</td>\n",
       "    </tr>\n",
       "    <tr>\n",
       "      <th>solid_contact%</th>\n",
       "      <td>0.325218</td>\n",
       "      <td>-0.048611</td>\n",
       "      <td>0.008230</td>\n",
       "      <td>-0.080536</td>\n",
       "      <td>1.000000</td>\n",
       "      <td>-0.132950</td>\n",
       "      <td>0.046111</td>\n",
       "      <td>-0.037412</td>\n",
       "      <td>0.001294</td>\n",
       "      <td>0.117860</td>\n",
       "      <td>0.244043</td>\n",
       "      <td>-0.062415</td>\n",
       "      <td>0.045711</td>\n",
       "      <td>0.048638</td>\n",
       "      <td>-0.030131</td>\n",
       "      <td>-0.004597</td>\n",
       "      <td>0.277974</td>\n",
       "      <td>0.010901</td>\n",
       "      <td>0.358457</td>\n",
       "      <td>-0.004931</td>\n",
       "    </tr>\n",
       "    <tr>\n",
       "      <th>poor_weak%</th>\n",
       "      <td>-0.556933</td>\n",
       "      <td>0.034850</td>\n",
       "      <td>-0.051883</td>\n",
       "      <td>0.062829</td>\n",
       "      <td>-0.132950</td>\n",
       "      <td>1.000000</td>\n",
       "      <td>-0.080352</td>\n",
       "      <td>0.135881</td>\n",
       "      <td>-0.078270</td>\n",
       "      <td>-0.017424</td>\n",
       "      <td>-0.150844</td>\n",
       "      <td>0.044546</td>\n",
       "      <td>-0.069841</td>\n",
       "      <td>-0.066189</td>\n",
       "      <td>0.015818</td>\n",
       "      <td>-0.040978</td>\n",
       "      <td>-0.106347</td>\n",
       "      <td>0.082449</td>\n",
       "      <td>-0.287364</td>\n",
       "      <td>0.073031</td>\n",
       "    </tr>\n",
       "    <tr>\n",
       "      <th>sl_hb</th>\n",
       "      <td>-0.007582</td>\n",
       "      <td>-0.040474</td>\n",
       "      <td>0.287027</td>\n",
       "      <td>-0.083279</td>\n",
       "      <td>0.046111</td>\n",
       "      <td>-0.080352</td>\n",
       "      <td>1.000000</td>\n",
       "      <td>-0.104919</td>\n",
       "      <td>0.469586</td>\n",
       "      <td>-0.002808</td>\n",
       "      <td>-0.025766</td>\n",
       "      <td>0.002578</td>\n",
       "      <td>-0.098831</td>\n",
       "      <td>-0.009847</td>\n",
       "      <td>0.351709</td>\n",
       "      <td>0.196383</td>\n",
       "      <td>0.043864</td>\n",
       "      <td>-0.508792</td>\n",
       "      <td>-0.014980</td>\n",
       "      <td>-0.540869</td>\n",
       "    </tr>\n",
       "    <tr>\n",
       "      <th>ch%</th>\n",
       "      <td>-0.143884</td>\n",
       "      <td>-0.064548</td>\n",
       "      <td>-0.100633</td>\n",
       "      <td>0.262429</td>\n",
       "      <td>-0.037412</td>\n",
       "      <td>0.135881</td>\n",
       "      <td>-0.104919</td>\n",
       "      <td>1.000000</td>\n",
       "      <td>-0.126895</td>\n",
       "      <td>0.003893</td>\n",
       "      <td>-0.088892</td>\n",
       "      <td>-0.075690</td>\n",
       "      <td>-0.097363</td>\n",
       "      <td>-0.047818</td>\n",
       "      <td>-0.195609</td>\n",
       "      <td>-0.322347</td>\n",
       "      <td>0.084016</td>\n",
       "      <td>0.086476</td>\n",
       "      <td>-0.070121</td>\n",
       "      <td>0.009527</td>\n",
       "    </tr>\n",
       "    <tr>\n",
       "      <th>cb_hb</th>\n",
       "      <td>0.065318</td>\n",
       "      <td>-0.001821</td>\n",
       "      <td>0.299013</td>\n",
       "      <td>0.004973</td>\n",
       "      <td>0.001294</td>\n",
       "      <td>-0.078270</td>\n",
       "      <td>0.469586</td>\n",
       "      <td>-0.126895</td>\n",
       "      <td>1.000000</td>\n",
       "      <td>0.073722</td>\n",
       "      <td>-0.035384</td>\n",
       "      <td>0.001991</td>\n",
       "      <td>0.190093</td>\n",
       "      <td>-0.001424</td>\n",
       "      <td>0.033404</td>\n",
       "      <td>-0.021564</td>\n",
       "      <td>-0.006645</td>\n",
       "      <td>-0.568569</td>\n",
       "      <td>0.050343</td>\n",
       "      <td>-0.640258</td>\n",
       "    </tr>\n",
       "    <tr>\n",
       "      <th>4seam_velo_range</th>\n",
       "      <td>0.072736</td>\n",
       "      <td>-0.076501</td>\n",
       "      <td>0.002485</td>\n",
       "      <td>0.000531</td>\n",
       "      <td>0.117860</td>\n",
       "      <td>-0.017424</td>\n",
       "      <td>-0.002808</td>\n",
       "      <td>0.003893</td>\n",
       "      <td>0.073722</td>\n",
       "      <td>1.000000</td>\n",
       "      <td>0.292092</td>\n",
       "      <td>-0.095539</td>\n",
       "      <td>-0.012888</td>\n",
       "      <td>-0.481924</td>\n",
       "      <td>0.021343</td>\n",
       "      <td>0.005525</td>\n",
       "      <td>0.115930</td>\n",
       "      <td>-0.023427</td>\n",
       "      <td>0.082918</td>\n",
       "      <td>-0.027388</td>\n",
       "    </tr>\n",
       "    <tr>\n",
       "      <th>4seam%</th>\n",
       "      <td>0.212799</td>\n",
       "      <td>-0.183394</td>\n",
       "      <td>-0.042533</td>\n",
       "      <td>-0.048531</td>\n",
       "      <td>0.244043</td>\n",
       "      <td>-0.150844</td>\n",
       "      <td>-0.025766</td>\n",
       "      <td>-0.088892</td>\n",
       "      <td>-0.035384</td>\n",
       "      <td>0.292092</td>\n",
       "      <td>1.000000</td>\n",
       "      <td>-0.296404</td>\n",
       "      <td>-0.019180</td>\n",
       "      <td>0.063721</td>\n",
       "      <td>0.031534</td>\n",
       "      <td>-0.007148</td>\n",
       "      <td>0.192940</td>\n",
       "      <td>-0.000661</td>\n",
       "      <td>0.140418</td>\n",
       "      <td>-0.017552</td>\n",
       "    </tr>\n",
       "    <tr>\n",
       "      <th>cu%</th>\n",
       "      <td>-0.097055</td>\n",
       "      <td>0.199723</td>\n",
       "      <td>0.286031</td>\n",
       "      <td>0.047404</td>\n",
       "      <td>-0.062415</td>\n",
       "      <td>0.044546</td>\n",
       "      <td>0.002578</td>\n",
       "      <td>-0.075690</td>\n",
       "      <td>0.001991</td>\n",
       "      <td>-0.095539</td>\n",
       "      <td>-0.296404</td>\n",
       "      <td>1.000000</td>\n",
       "      <td>0.064158</td>\n",
       "      <td>-0.003754</td>\n",
       "      <td>-0.172224</td>\n",
       "      <td>-0.383051</td>\n",
       "      <td>0.046950</td>\n",
       "      <td>0.101040</td>\n",
       "      <td>-0.120912</td>\n",
       "      <td>0.097088</td>\n",
       "    </tr>\n",
       "    <tr>\n",
       "      <th>cb%</th>\n",
       "      <td>0.111554</td>\n",
       "      <td>0.035654</td>\n",
       "      <td>0.084724</td>\n",
       "      <td>0.007965</td>\n",
       "      <td>0.045711</td>\n",
       "      <td>-0.069841</td>\n",
       "      <td>-0.098831</td>\n",
       "      <td>-0.097363</td>\n",
       "      <td>0.190093</td>\n",
       "      <td>-0.012888</td>\n",
       "      <td>-0.019180</td>\n",
       "      <td>0.064158</td>\n",
       "      <td>1.000000</td>\n",
       "      <td>0.008764</td>\n",
       "      <td>-0.314345</td>\n",
       "      <td>-0.503087</td>\n",
       "      <td>0.078461</td>\n",
       "      <td>0.017807</td>\n",
       "      <td>0.069164</td>\n",
       "      <td>0.018377</td>\n",
       "    </tr>\n",
       "    <tr>\n",
       "      <th>4seam_vb</th>\n",
       "      <td>0.098341</td>\n",
       "      <td>-0.113043</td>\n",
       "      <td>0.062796</td>\n",
       "      <td>-0.046131</td>\n",
       "      <td>0.048638</td>\n",
       "      <td>-0.066189</td>\n",
       "      <td>-0.009847</td>\n",
       "      <td>-0.047818</td>\n",
       "      <td>-0.001424</td>\n",
       "      <td>-0.481924</td>\n",
       "      <td>0.063721</td>\n",
       "      <td>-0.003754</td>\n",
       "      <td>0.008764</td>\n",
       "      <td>1.000000</td>\n",
       "      <td>-0.035852</td>\n",
       "      <td>-0.028185</td>\n",
       "      <td>0.040018</td>\n",
       "      <td>-0.029531</td>\n",
       "      <td>0.029320</td>\n",
       "      <td>-0.042173</td>\n",
       "    </tr>\n",
       "    <tr>\n",
       "      <th>sl_brk</th>\n",
       "      <td>-0.134279</td>\n",
       "      <td>0.024160</td>\n",
       "      <td>0.017807</td>\n",
       "      <td>-0.099485</td>\n",
       "      <td>-0.030131</td>\n",
       "      <td>0.015818</td>\n",
       "      <td>0.351709</td>\n",
       "      <td>-0.195609</td>\n",
       "      <td>0.033404</td>\n",
       "      <td>0.021343</td>\n",
       "      <td>0.031534</td>\n",
       "      <td>-0.172224</td>\n",
       "      <td>-0.314345</td>\n",
       "      <td>-0.035852</td>\n",
       "      <td>1.000000</td>\n",
       "      <td>0.517503</td>\n",
       "      <td>-0.066288</td>\n",
       "      <td>-0.047446</td>\n",
       "      <td>-0.151443</td>\n",
       "      <td>-0.094358</td>\n",
       "    </tr>\n",
       "    <tr>\n",
       "      <th>sl%</th>\n",
       "      <td>-0.034487</td>\n",
       "      <td>-0.062114</td>\n",
       "      <td>-0.116710</td>\n",
       "      <td>-0.233037</td>\n",
       "      <td>-0.004597</td>\n",
       "      <td>-0.040978</td>\n",
       "      <td>0.196383</td>\n",
       "      <td>-0.322347</td>\n",
       "      <td>-0.021564</td>\n",
       "      <td>0.005525</td>\n",
       "      <td>-0.007148</td>\n",
       "      <td>-0.383051</td>\n",
       "      <td>-0.503087</td>\n",
       "      <td>-0.028185</td>\n",
       "      <td>0.517503</td>\n",
       "      <td>1.000000</td>\n",
       "      <td>-0.079124</td>\n",
       "      <td>-0.099054</td>\n",
       "      <td>-0.049178</td>\n",
       "      <td>-0.097830</td>\n",
       "    </tr>\n",
       "    <tr>\n",
       "      <th>sweet_spot%</th>\n",
       "      <td>0.195092</td>\n",
       "      <td>0.041239</td>\n",
       "      <td>0.059931</td>\n",
       "      <td>0.018690</td>\n",
       "      <td>0.277974</td>\n",
       "      <td>-0.106347</td>\n",
       "      <td>0.043864</td>\n",
       "      <td>0.084016</td>\n",
       "      <td>-0.006645</td>\n",
       "      <td>0.115930</td>\n",
       "      <td>0.192940</td>\n",
       "      <td>0.046950</td>\n",
       "      <td>0.078461</td>\n",
       "      <td>0.040018</td>\n",
       "      <td>-0.066288</td>\n",
       "      <td>-0.079124</td>\n",
       "      <td>1.000000</td>\n",
       "      <td>0.029082</td>\n",
       "      <td>0.170695</td>\n",
       "      <td>0.012802</td>\n",
       "    </tr>\n",
       "    <tr>\n",
       "      <th>4seam_hb</th>\n",
       "      <td>-0.043263</td>\n",
       "      <td>0.016439</td>\n",
       "      <td>-0.142879</td>\n",
       "      <td>0.070323</td>\n",
       "      <td>0.010901</td>\n",
       "      <td>0.082449</td>\n",
       "      <td>-0.508792</td>\n",
       "      <td>0.086476</td>\n",
       "      <td>-0.568569</td>\n",
       "      <td>-0.023427</td>\n",
       "      <td>-0.000661</td>\n",
       "      <td>0.101040</td>\n",
       "      <td>0.017807</td>\n",
       "      <td>-0.029531</td>\n",
       "      <td>-0.047446</td>\n",
       "      <td>-0.099054</td>\n",
       "      <td>0.029082</td>\n",
       "      <td>1.000000</td>\n",
       "      <td>-0.032820</td>\n",
       "      <td>0.785926</td>\n",
       "    </tr>\n",
       "    <tr>\n",
       "      <th>hard_hit%</th>\n",
       "      <td>0.822068</td>\n",
       "      <td>-0.071600</td>\n",
       "      <td>-0.012738</td>\n",
       "      <td>-0.041482</td>\n",
       "      <td>0.358457</td>\n",
       "      <td>-0.287364</td>\n",
       "      <td>-0.014980</td>\n",
       "      <td>-0.070121</td>\n",
       "      <td>0.050343</td>\n",
       "      <td>0.082918</td>\n",
       "      <td>0.140418</td>\n",
       "      <td>-0.120912</td>\n",
       "      <td>0.069164</td>\n",
       "      <td>0.029320</td>\n",
       "      <td>-0.151443</td>\n",
       "      <td>-0.049178</td>\n",
       "      <td>0.170695</td>\n",
       "      <td>-0.032820</td>\n",
       "      <td>1.000000</td>\n",
       "      <td>-0.036790</td>\n",
       "    </tr>\n",
       "    <tr>\n",
       "      <th>ch_hb</th>\n",
       "      <td>-0.040176</td>\n",
       "      <td>0.063190</td>\n",
       "      <td>-0.194854</td>\n",
       "      <td>0.048788</td>\n",
       "      <td>-0.004931</td>\n",
       "      <td>0.073031</td>\n",
       "      <td>-0.540869</td>\n",
       "      <td>0.009527</td>\n",
       "      <td>-0.640258</td>\n",
       "      <td>-0.027388</td>\n",
       "      <td>-0.017552</td>\n",
       "      <td>0.097088</td>\n",
       "      <td>0.018377</td>\n",
       "      <td>-0.042173</td>\n",
       "      <td>-0.094358</td>\n",
       "      <td>-0.097830</td>\n",
       "      <td>0.012802</td>\n",
       "      <td>0.785926</td>\n",
       "      <td>-0.036790</td>\n",
       "      <td>1.000000</td>\n",
       "    </tr>\n",
       "  </tbody>\n",
       "</table>\n",
       "</div>"
      ],
      "text/plain": [
       "                    ev_avg       age     cu_hb     edge%  solid_contact%  \\\n",
       "ev_avg            1.000000 -0.069587 -0.004080 -0.059062        0.325218   \n",
       "age              -0.069587  1.000000  0.057584  0.048387       -0.048611   \n",
       "cu_hb            -0.004080  0.057584  1.000000  0.001148        0.008230   \n",
       "edge%            -0.059062  0.048387  0.001148  1.000000       -0.080536   \n",
       "solid_contact%    0.325218 -0.048611  0.008230 -0.080536        1.000000   \n",
       "poor_weak%       -0.556933  0.034850 -0.051883  0.062829       -0.132950   \n",
       "sl_hb            -0.007582 -0.040474  0.287027 -0.083279        0.046111   \n",
       "ch%              -0.143884 -0.064548 -0.100633  0.262429       -0.037412   \n",
       "cb_hb             0.065318 -0.001821  0.299013  0.004973        0.001294   \n",
       "4seam_velo_range  0.072736 -0.076501  0.002485  0.000531        0.117860   \n",
       "4seam%            0.212799 -0.183394 -0.042533 -0.048531        0.244043   \n",
       "cu%              -0.097055  0.199723  0.286031  0.047404       -0.062415   \n",
       "cb%               0.111554  0.035654  0.084724  0.007965        0.045711   \n",
       "4seam_vb          0.098341 -0.113043  0.062796 -0.046131        0.048638   \n",
       "sl_brk           -0.134279  0.024160  0.017807 -0.099485       -0.030131   \n",
       "sl%              -0.034487 -0.062114 -0.116710 -0.233037       -0.004597   \n",
       "sweet_spot%       0.195092  0.041239  0.059931  0.018690        0.277974   \n",
       "4seam_hb         -0.043263  0.016439 -0.142879  0.070323        0.010901   \n",
       "hard_hit%         0.822068 -0.071600 -0.012738 -0.041482        0.358457   \n",
       "ch_hb            -0.040176  0.063190 -0.194854  0.048788       -0.004931   \n",
       "\n",
       "                  poor_weak%     sl_hb       ch%     cb_hb  4seam_velo_range  \\\n",
       "ev_avg             -0.556933 -0.007582 -0.143884  0.065318          0.072736   \n",
       "age                 0.034850 -0.040474 -0.064548 -0.001821         -0.076501   \n",
       "cu_hb              -0.051883  0.287027 -0.100633  0.299013          0.002485   \n",
       "edge%               0.062829 -0.083279  0.262429  0.004973          0.000531   \n",
       "solid_contact%     -0.132950  0.046111 -0.037412  0.001294          0.117860   \n",
       "poor_weak%          1.000000 -0.080352  0.135881 -0.078270         -0.017424   \n",
       "sl_hb              -0.080352  1.000000 -0.104919  0.469586         -0.002808   \n",
       "ch%                 0.135881 -0.104919  1.000000 -0.126895          0.003893   \n",
       "cb_hb              -0.078270  0.469586 -0.126895  1.000000          0.073722   \n",
       "4seam_velo_range   -0.017424 -0.002808  0.003893  0.073722          1.000000   \n",
       "4seam%             -0.150844 -0.025766 -0.088892 -0.035384          0.292092   \n",
       "cu%                 0.044546  0.002578 -0.075690  0.001991         -0.095539   \n",
       "cb%                -0.069841 -0.098831 -0.097363  0.190093         -0.012888   \n",
       "4seam_vb           -0.066189 -0.009847 -0.047818 -0.001424         -0.481924   \n",
       "sl_brk              0.015818  0.351709 -0.195609  0.033404          0.021343   \n",
       "sl%                -0.040978  0.196383 -0.322347 -0.021564          0.005525   \n",
       "sweet_spot%        -0.106347  0.043864  0.084016 -0.006645          0.115930   \n",
       "4seam_hb            0.082449 -0.508792  0.086476 -0.568569         -0.023427   \n",
       "hard_hit%          -0.287364 -0.014980 -0.070121  0.050343          0.082918   \n",
       "ch_hb               0.073031 -0.540869  0.009527 -0.640258         -0.027388   \n",
       "\n",
       "                    4seam%       cu%       cb%  4seam_vb    sl_brk       sl%  \\\n",
       "ev_avg            0.212799 -0.097055  0.111554  0.098341 -0.134279 -0.034487   \n",
       "age              -0.183394  0.199723  0.035654 -0.113043  0.024160 -0.062114   \n",
       "cu_hb            -0.042533  0.286031  0.084724  0.062796  0.017807 -0.116710   \n",
       "edge%            -0.048531  0.047404  0.007965 -0.046131 -0.099485 -0.233037   \n",
       "solid_contact%    0.244043 -0.062415  0.045711  0.048638 -0.030131 -0.004597   \n",
       "poor_weak%       -0.150844  0.044546 -0.069841 -0.066189  0.015818 -0.040978   \n",
       "sl_hb            -0.025766  0.002578 -0.098831 -0.009847  0.351709  0.196383   \n",
       "ch%              -0.088892 -0.075690 -0.097363 -0.047818 -0.195609 -0.322347   \n",
       "cb_hb            -0.035384  0.001991  0.190093 -0.001424  0.033404 -0.021564   \n",
       "4seam_velo_range  0.292092 -0.095539 -0.012888 -0.481924  0.021343  0.005525   \n",
       "4seam%            1.000000 -0.296404 -0.019180  0.063721  0.031534 -0.007148   \n",
       "cu%              -0.296404  1.000000  0.064158 -0.003754 -0.172224 -0.383051   \n",
       "cb%              -0.019180  0.064158  1.000000  0.008764 -0.314345 -0.503087   \n",
       "4seam_vb          0.063721 -0.003754  0.008764  1.000000 -0.035852 -0.028185   \n",
       "sl_brk            0.031534 -0.172224 -0.314345 -0.035852  1.000000  0.517503   \n",
       "sl%              -0.007148 -0.383051 -0.503087 -0.028185  0.517503  1.000000   \n",
       "sweet_spot%       0.192940  0.046950  0.078461  0.040018 -0.066288 -0.079124   \n",
       "4seam_hb         -0.000661  0.101040  0.017807 -0.029531 -0.047446 -0.099054   \n",
       "hard_hit%         0.140418 -0.120912  0.069164  0.029320 -0.151443 -0.049178   \n",
       "ch_hb            -0.017552  0.097088  0.018377 -0.042173 -0.094358 -0.097830   \n",
       "\n",
       "                  sweet_spot%  4seam_hb  hard_hit%     ch_hb  \n",
       "ev_avg               0.195092 -0.043263   0.822068 -0.040176  \n",
       "age                  0.041239  0.016439  -0.071600  0.063190  \n",
       "cu_hb                0.059931 -0.142879  -0.012738 -0.194854  \n",
       "edge%                0.018690  0.070323  -0.041482  0.048788  \n",
       "solid_contact%       0.277974  0.010901   0.358457 -0.004931  \n",
